$ANSIBLE_VAULT;1.1;AES256
39653137333361663463666231663063613630356132633035383738326561363361313230336239
3234336461666232653965613536626661353562666364390a633365633435643762633433303334
65373234623334636136323739363963353264633262346638643762346437653433636434633130
3834336563333130660a366131633235636163353536636165663439643131373866336537393630
33643338663435663333616336653861333432313934613565363238643935353937396435613365
30336361373639353537653865313433636332643264663961303364656234363536373430356439
31383431643630373939633564376565363939343934653066326636643264663463386237303231
30323265353638613132356162366462336135623838393134393737616238303230363462643738
65396231323761663936373165633232366661333563333662616636366561393962323538666434
66353464633433333737303166646235336530646337346365343834623435316631616261393038
36666333346638316537396666643838333739616665663965393639663638306431656466303866
36313962393461336233373933666431643236333532313335393534346233393730376163663236
33616461633634346335666664333431373462343166613536383334623364353933303130646639
30633533343430346633393738306330343263643161376363626138363534643331323837663862
33303964353366666337356139623162316631643637616461306531316531396435313664666661
66613261616330346433663161363735376633643530356265623932323839366666653536333366
62393763313166346532666565663762663930346330313034656632396437353131386238623961
30373031363435393233666133626539646261626134373464333635386332343662633531353062
37336661666439393437303238646531646363653962626466623433626330633632346538333166
31663564353066356434643633396336353731356136303665303963663263616530646132363030
65313463383934313562616135643963633837653466653039326233343766346666613936303730
64653535333739663536643065653539373565383562396436643861376563633632346565363565
66633538336333323766373564663265363965613965326136386231663133666663643738653533
31633864313233336437396464646134383839383461386436346366366162646361333936613634
31336137376334313765383464346564633337336436653231313236623234616431313465363638
39316165633430626462303039633332663464383864306261663733623663393838326233373166
32303261313836333730623136373430613566613236386564376564376666303238623237613135
65376365303038383737393865336637353234306333373330373334396562303238626235346165
33383639613332623961333764313366333733306430643061363566323263663536303735333636
32323933366666316332656139633939393433313063316432623236353563636635336336653732
61383933316437343331306363626138326539323761623736313232323533383036363633623631
39633437656333353839663935373664636361353661366265663938643665633435613664333537
65333863643661616538353939356164396130666537653634373163343831353134366334646134
66646165396163396633326435303431376362333235666232326139353664656138336239353437
30366130323534303536396366353836616632623661646232396264653630393064373639633465
65616462343666396436313365346462303237336232366531366364326430316234326138306436
38313138626531353865313631653835363839383065353436353430353362343031356461326637
36653435386663393135316633616663636565393164303433616634616261623334623231663266
64663566366632343263633865356661653733626330663962343766373364633466383966613961
64363939333765653065386230643936333465373533303362663466636330636133326665326166
37386135623338363465386264306663386236616333303434616439643364653732316533353539
33343365383837396631306336663238646232373438373639336532353464333664663362396139
62326265373364356263313731663036386661373234663331613765353264616239393962633166
66626331333235343839386635303962346633336630313635643332666637303139343730663264
35626633333231393336626431396134356335616530333633616130396532323637393561666339
33643964656162656235643664303463616231643066643661633132353465353563363361346638
63383165396134386138393963303030663766343338333064353636663438343332653661626535
65643930663631343432326365336563393936386237356562313037656335353830616138633730
31343730373538343065633661396533616163356163653266653136613030626138626431383137
32396439653931653639343665303931353539316130623363616439363566373166613835666165
61393038656534633737623961303661633262316231646263323565386465363637386161666231
35643565363762356232353762323230623335376466383966336162343533353837393132326137
30366538386238346133633264356265333665363661353164656230653762303263343330643836
64386664316632666236353166313136653136666164333665366434353237303363343536346434
66643530373861343135613531383932383036363738323563663161313166363538613664613337
62623737383734323763363865366265343636643634633734383532333964383266653835663762
35343035623733313266323534353865623535643066343530363636316532396461333330353537
35323865373038663532666465313639666664663265633839663165653166636463323862343661
39323861363063383962386237666438623638636631346239303830343334623235313435333664
30663165373731656434363064316237323235326330333762313565616633663533356231376639
62396232313137376165366364316334633765373266613033376664643566323065643137613634
39383337383061333663663665656266626433303830363337346461646261373332356432643430
35633561643533376233326661383666363335383565323133623939336639623538666138633839
64333266343463336234326366643236623437383563306434663631376638653636313464336635
31303638613662343835323935633264333931613538653330376230653735626238653161326531
64653264383839623064313534303734306563613639343037666134363164646335663265323662
64353664353532643965356439613463343763363939366236353830303432613565656239373461
64306263303233396635313233376563613330636165363432363839613436316230653039366533
32373230366432363865646333383739393630393661393030663836616134346534313965363931
30326530306437396665356639366132346137633433643837396133643930383033636133366263
39353562393935653363306161616132653834633764373733386562336633386634633937306138
33316362616532366333386464363466626362663839373138373339343061646432646537306637
65336365636563373638653064376563396232376236643037363062316431366636396536303730
38643536336665353535383531373237616262633532623334613734333364663932376164663934
38363163386437383162343935646433343139613831333164666135343633663364323830376366
39643066333366393830393465633435383337376461663436653664346231316434643164623532
31613738316562376238363833363633613438373861613335336532393437663839393162393762
65313062626639366334343937366237623362626631313534376336353566346231313432373739
38376135303937633266633863656336323039636163643539303336663065613063616531396635
66613136626636313333303633313166383163653562623066376363363630316362623431353132
65343539336130623466363765333332353263333136323263373262643464343931306464646436
61393364346365393939633031366230333065363463343262333939646234336666343831306232
64333532386335376431393931623265643066376535623061613730613331323431666530323937
65636462643534326237643434323739623330656639623366383736336532326134386665666232
32626365386564656233623533303930626533393762303536313532613563613662633931383561
39633366383262366362346132643135623639336533353965323938656365666462366337356230
36663932373930616665383764363535653465386632343236393262383137616630633632373666
65336136303434376464653333636438653566323536343538373736613933376165316366356366
63646464333164646135343261666663626465643034316630353139343431653461383263613063
32323633653630626236643765313232313938333435303263376430383862356162313938656561
30363730373133643134666431333931363564313436313262616232633531313636396535646530
66323964393165306531353437303666376139313566666631313933386562356530353963366634
32386637383062616162313164616630393966313761363533646637393063373738326137663530
61306262306430303233393363326565636631333834393232353931356334313534316161376237
39653737366635303739653966613238633566373630343461306635363365663963333038333331
33353662623030323333346261636336353666333365326265366234633034623965346633316561
37646138323231363931376531666662396438613766326131353161393466373839636534663433
36633239646662333539653364323837363364373533666330336130373138656365653565356331
63373933613664633462353739636566396531323539643962306330633438643362353339623131
64393537353032653663366633643333303736386130326663373866366464613562323264663661
63376366613633366237343036336466393038646338353862633130313236666164313664303134
34663363383739303763663036643635363639346132363131316164313533366561663465386464
37393165373063386661346466663262343838373361396131663464633438646637323566346339
36633536333364393137656235646531613631326463663365626330323764393536663131336265
61383238356139653237346336363630623733623534353265313835373562396564656630613435
36376261323366366566366164343436313537363030616338336166393733333663623365316433
33353938363839343464663032626361316462393034653665353335373432393632636262613431
30366437306237336465346161656639303631363664353332663230666538326665346463613433
66313638333766326264616538353736666235613762643937653732326531356633396134373066
38396534393665663137646261626237646530616234336362386462636633633830623937633762
36386163303362323964313665616163313130346261393538643566663663383461666336313736
39393236613131303966313839663261633736636165386664366434353466393534653762363864
34343834623932646635313730343837366331633032376634323436616333333064346566343664
66333433383336643335393238316262333038343663353836633366313862656636376339636466
61363432386463373063326563633762303134663138643034636464366431623031373436666664
61656261303966633335303838656434373932306533623064656563333630656266343134666438
62303631656133323062633332383332336464616631346337633533373862663139646639343663
38366264373333393033323138303065633765343137653836366134666535616438373162343063
66616165396163363138386530326464613663643663303261653732356562663264396337393165
63663037343864613038613261633238666631616465366163396165366363653135383239306338
61383539346533323938373434663363653335666638323661336139383363333662333031663466
30666638643338353961366231653166643463613436353938343937353230353834633066383531
33653538656162623064306463656663653639346636326138323935373535383033653961306638
35656238306665653031656363363563326234346662653864343138626435386132613733303565
35363338333766613363386362613864643237633535626132353065326338343132336233306539
30666238666261303838623435366638653064383766656263626361373839663935646664643963
39633334306632666637313461366232336636383165653464623238653131343663303066633338
37636233653733363239653237643134643236356136376330323732656661616432333963323236
32386362653635666563626134393134633438636332363165623337333639613162626262343033
64313732336632376266303135336162666436396663663935373063656638316662393066336137
35666234633335343865646633663839373039613038353161633164333363306133376631633865
30326166666234366537653138386663336233363734376634663835306639323966343562303564
30333639613865356463643434633632383137346538306462393961313363386663643831643466
66353836616336333162656135333837303130613136326232646561333066636632666137346438
623961333239366164323066306130363334
