$ANSIBLE_VAULT;1.1;AES256
64376136353439363063376565613839303665366565363537313866643465326335313763656534
3632383266346137383538663031393437633736386166660a626131643639323435336163353630
36626664346639656462383037303765353037653234383661363064363737306663393339303437
6138616164663330370a353334383861616237366363336364313264316636643331356135623639
32323139306432303462623565663035386636333130623438393362393634353938383732613466
39653565343636363366386133643262373634356465623934323632393865333031336163316438
62613264326139383134313332363761623634336232646665363662343631636637393161626364
37303066643534366537363131306537353432326266353132303435313434633738306332386462
35306431626230373061316364393931383961623861623934356536616438316431623430356266
63626536303333326633373232653465396363633936373838646530306536646234393033313233
38343334613635623563613237626136633733653439386461663730333539356362656438646434
31643265373664643436356636353331346430636465666634333934636134353136303330326437
64326666366262663031323866386462303830633736306533663661353261303437306638386639
34303865383930356361626136393962656162393937623337663935303138386534393338373031
65633664626363393931386562363538656235303532313337613964616265306265383830646664
65653637613562643234333961353066643634633566643134363564626565623130626262636331
33393235383065356662393837613864366631333166393564346537316538663635616233373032
39636466633836343335653765386263616263656237663464646337323762623966353434383034
63356631363966663734656634646663393363336636333061313938393734623637303565386137
63376434356138303239373831653763316632396362326364653334366465663864363236643333
63383733663664323761323533666366383666633132323134343632306534653739616561336336
66613866323662663139623265346563336235396466373032393435366130663633393232626337
35363131353139363930636539653266383137626535616663383266383534626466333631663865
63333631613139343533613735336535323737366666613164333337333466643664613534383730
33613532653937363339343739303164383339316564386231306665386633386464356132663130
64396261316366623861653932346433323338643839333433303262366262343766386436666165
37623961383762653737643761313065373261646538366365306361626635346264613165613137
32663764646638663630
